
#loss_tot   loss_par  loss_prob  validation_tot ... ...

1.8311	1.0726	0.7585	1.1912	0.7107	0.4805

1.04	0.6034	0.4366	0.9406	0.5392	0.4014

0.9015	0.512	0.3895	0.869	0.4967	0.3723

0.8396	0.4761	0.3635	0.8206	0.4697	0.3509

0.8073	0.458	0.3493	0.7955	0.4549	0.3406

0.7848	0.446	0.3388	0.7823	0.4489	0.3333

0.7699	0.4388	0.3311	0.7669	0.4416	0.3254

0.7587	0.4338	0.3249	0.7602	0.4392	0.321

0.7504	0.4301	0.3203	0.7521	0.4355	0.3166

0.7432	0.427	0.3161	0.746	0.433	0.313

0.7386	0.4256	0.313	0.7446	0.4365	0.3081

0.7328	0.4234	0.3095	0.7384	0.4301	0.3083

0.7279	0.4214	0.3066	0.7296	0.4255	0.3041

0.7246	0.4202	0.3043	0.7324	0.4278	0.3047

0.7204	0.4184	0.302	0.7321	0.428	0.3041

0.7172	0.4174	0.2998	0.7275	0.4283	0.2993

0.7155	0.4164	0.299	0.7318	0.4294	0.3025

0.713	0.4156	0.2974	0.7278	0.4262	0.3015

0.7106	0.4145	0.2961	0.7172	0.4217	0.2955

0.7081	0.4135	0.2946	0.7171	0.4219	0.2952



0.7082	0.4149	0.2932	0.7014	0.412	0.2893

0.7007	0.4118	0.2889	0.6972	0.4104	0.2867

0.696	0.4097	0.2862	0.696	0.4099	0.286

0.6916	0.4077	0.2839	0.6919	0.4077	0.2843

0.6909	0.4071	0.2838	0.6862	0.4043	0.2819

0.6861	0.4049	0.2812	0.6842	0.404	0.2802

0.6843	0.404	0.2802	0.6826	0.4031	0.2796

0.6815	0.4027	0.2788	0.6819	0.4037	0.2782

0.6801	0.4021	0.278	0.6776	0.4009	0.2767

0.6775	0.4008	0.2767	0.6741	0.3997	0.2745

0.6687	0.3967	0.272	0.6611	0.3931	0.268

0.6621	0.3938	0.2684	0.6681	0.3956	0.2725

0.6584	0.3922	0.2662	0.668	0.3971	0.2709

0.6555	0.3909	0.2646	0.6512	0.3888	0.2624

0.6528	0.3895	0.2633	0.6559	0.3916	0.2643

0.6523	0.3892	0.2631	0.6518	0.3895	0.2622

0.6495	0.3881	0.2614	0.6526	0.3896	0.2631

0.6481	0.3874	0.2607	0.6534	0.3902	0.2633






0.6468	0.3867	0.2601	0.6439	0.3855	0.2583

0.6468	0.3866	0.2602	0.643	0.3848	0.2582

0.645	0.386	0.259	0.6452	0.3872	0.258

0.644	0.3855	0.2585	0.6436	0.3847	0.2589

0.6436	0.3851	0.2585	0.6425	0.3852	0.2574

0.6423	0.3845	0.2579	0.642	0.3843	0.2578

0.6414	0.3841	0.2573	0.6381	0.3822	0.256

0.6406	0.3836	0.257	0.6419	0.3852	0.2567

0.6401	0.3834	0.2567	0.6393	0.3824	0.2569

0.6395	0.3831	0.2564	0.6382	0.3831	0.2551

0.639	0.3827	0.2563	0.6359	0.3811	0.2548

0.6382	0.3823	0.2559	0.6372	0.3822	0.255

0.6377	0.3821	0.2556	0.6381	0.3832	0.255

0.6373	0.3819	0.2554	0.6367	0.3814	0.2554

0.6369	0.3816	0.2553	0.6535	0.3908	0.2626

0.6365	0.3814	0.2551	0.639	0.3825	0.2565

0.636	0.3812	0.2548	0.6389	0.3829	0.256

0.6361	0.3812	0.2549	0.6444	0.3851	0.2594

0.6354	0.3809	0.2545	0.633	0.3795	0.2535

0.6351	0.3807	0.2543	0.6392	0.3821	0.2571

0.6345	0.3803	0.2542	0.6336	0.3797	0.2539

0.6342	0.3803	0.2539	0.6405	0.3842	0.2563

0.6341	0.3802	0.2539	0.6376	0.3815	0.2561

0.6342	0.3802	0.254	0.6331	0.3799	0.2532

0.6336	0.38	0.2536	0.6333	0.3793	0.254

0.6331	0.3797	0.2534	0.6362	0.3815	0.2548

0.6326	0.3793	0.2533	0.6319	0.3789	0.2531

0.6323	0.3791	0.2532	0.6307	0.3781	0.2526

0.6322	0.3792	0.253	0.6319	0.379	0.2528

0.6319	0.379	0.2529	0.6338	0.3799	0.254

0.6328	0.3793	0.2535	0.6305	0.3779	0.2526

0.6322	0.379	0.2531	0.6311	0.3783	0.2528








0.6311	0.3784	0.2526	0.6343	0.3799	0.2544

0.6318	0.3788	0.253	0.6321	0.379	0.2531

0.6309	0.3785	0.2524	0.6356	0.3813	0.2543

0.6307	0.3784	0.2523	0.6297	0.3781	0.2516

0.6303	0.3782	0.2521	0.635	0.381	0.254

0.6297	0.3779	0.2518	0.6289	0.3774	0.2515

0.6296	0.3779	0.2517	0.6298	0.3773	0.2524

0.6294	0.3778	0.2516	0.6341	0.3811	0.2531

0.6295	0.3779	0.2517	0.6292	0.3776	0.2516

0.6293	0.3778	0.2515	0.6278	0.3775	0.2503

0.6289	0.3776	0.2513	0.6287	0.377	0.2517

0.6287	0.3774	0.2513	0.6284	0.3766	0.2517

0.6286	0.3775	0.2511	0.6333	0.3804	0.2529

0.6286	0.3774	0.2511	0.6351	0.3803	0.2548

0.6278	0.377	0.2508	0.628	0.3776	0.2504

0.6277	0.377	0.2507	0.6284	0.3769	0.2514

0.6277	0.3771	0.2506	0.6302	0.3779	0.2523

0.6277	0.3771	0.2507	0.6285	0.378	0.2505

0.6276	0.3771	0.2505	0.6273	0.3769	0.2504

0.6277	0.3771	0.2506	0.6282	0.3769	0.2513

0.6269	0.3765	0.2503	0.6285	0.3772	0.2513

0.6271	0.3768	0.2503	0.6319	0.3797	0.2522

0.6274	0.377	0.2504	0.626	0.3757	0.2503

0.6271	0.3768	0.2503	0.6257	0.376	0.2497

0.6269	0.3768	0.2501	0.6326	0.3788	0.2538

0.6276	0.3771	0.2505	0.6326	0.3796	0.253

0.6263	0.3764	0.2499	0.6304	0.3778	0.2526

0.626	0.3763	0.2498	0.6269	0.3763	0.2506

0.6263	0.3765	0.2498	0.6255	0.3761	0.2494

0.626	0.3763	0.2497	0.6282	0.3776	0.2507

0.6259	0.3763	0.2496	0.6258	0.3762	0.2495

0.6257	0.3761	0.2495	0.6251	0.3758	0.2493

0.6257	0.3762	0.2495	0.6293	0.3773	0.252

0.6255	0.3761	0.2495	0.6258	0.3761	0.2497

0.6256	0.3762	0.2494	0.6255	0.3758	0.2497

0.625	0.3757	0.2493	0.6319	0.3797	0.2522

0.6251	0.3758	0.2493	0.6339	0.38	0.2539

0.625	0.3758	0.2492	0.6242	0.3756	0.2485

0.625	0.3758	0.2492	0.6245	0.375	0.2495

0.625	0.3758	0.2491	0.6631	0.401	0.2621

0.6253	0.3759	0.2493	0.6328	0.3803	0.2525

0.6248	0.3756	0.2491	0.6236	0.3743	0.2493














0.6342	0.3806	0.2536	0.6331	0.3809	0.2522

0.6347	0.3809	0.2538	0.639	0.3826	0.2565

0.6357	0.3814	0.2543	0.642	0.3865	0.2556

0.6341	0.3808	0.2534	0.6357	0.3816	0.2542

0.64	0.3836	0.2564	0.6336	0.38	0.2536

0.6364	0.3817	0.2546	0.6436	0.3856	0.258

0.6364	0.3818	0.2546	0.6317	0.3788	0.2529

0.6354	0.3813	0.2541	0.6379	0.3853	0.2526

0.636	0.3817	0.2543	0.6296	0.3781	0.2516

0.6355	0.3814	0.2541	0.6363	0.3813	0.2551

0.6346	0.381	0.2536	0.6358	0.3812	0.2547

0.6346	0.3808	0.2538	0.6308	0.3783	0.2526

0.6345	0.381	0.2536	0.6318	0.3793	0.2525

0.6341	0.3808	0.2534	0.6388	0.3833	0.2555

0.6343	0.3808	0.2536	0.64	0.3841	0.2559

0.6334	0.3803	0.253	0.6354	0.3805	0.2549

0.6338	0.3806	0.2532	0.6492	0.3861	0.2631

0.6335	0.3804	0.2531	0.6371	0.3838	0.2533

0.6333	0.3804	0.2529	0.6302	0.3784	0.2518

0.6335	0.3805	0.2531	0.6602	0.3918	0.2684

0.6331	0.3801	0.253	0.6287	0.3774	0.2513

0.633	0.3802	0.2528	0.6317	0.3805	0.2512

0.6341	0.3807	0.2534	0.6321	0.3786	0.2535

0.6329	0.3802	0.2527	0.63	0.3772	0.2528

0.6326	0.3802	0.2525	0.632	0.3794	0.2527

0.6327	0.3802	0.2525	0.6353	0.3813	0.254

0.6329	0.3802	0.2527	0.6296	0.3779	0.2517

0.6321	0.3797	0.2523	0.6289	0.3771	0.2517

0.6323	0.38	0.2523	0.6322	0.3801	0.2521

0.6325	0.3801	0.2524	0.6328	0.3797	0.2531

0.6342	0.3809	0.2534	0.6574	0.3892	0.2682

0.6331	0.3802	0.2529	0.6284	0.3774	0.251

0.6317	0.3796	0.2521	0.6343	0.3801	0.2541

0.6316	0.3796	0.252	0.6306	0.3797	0.2509

0.632	0.3798	0.2522	0.6292	0.3792	0.25

0.6318	0.3795	0.2523	0.6376	0.3822	0.2554

0.6316	0.3795	0.2521	0.7238	0.4307	0.2931

0.6313	0.3794	0.2519	0.6364	0.3817	0.2547

0.6312	0.3793	0.2518	0.6328	0.3797	0.253

0.6307	0.3791	0.2516	0.636	0.3841	0.2519

0.6312	0.3795	0.2518	0.6388	0.3838	0.255

0.6308	0.3791	0.2517	0.6294	0.3775	0.2519

0.6314	0.3795	0.2519	0.632	0.3788	0.2532

0.6313	0.3794	0.2518	0.631	0.3799	0.2511

0.631	0.3792	0.2517	0.6383	0.3827	0.2556

0.6308	0.3791	0.2517	0.6288	0.3785	0.2502

0.6308	0.3792	0.2516	0.638	0.3808	0.2572

0.6313	0.3794	0.2519	0.6418	0.3851	0.2567

0.6301	0.3787	0.2513	0.6322	0.3786	0.2536

0.6306	0.379	0.2516	0.6285	0.3787	0.2498

0.6306	0.3788	0.2518	0.6285	0.3765	0.252

0.6309	0.3792	0.2517	0.6527	0.3895	0.2632

0.6302	0.3787	0.2515	0.6309	0.3794	0.2516

0.6303	0.3787	0.2516	0.6385	0.3813	0.2572





0.6217	0.3741	0.2476	0.6221	0.3744	0.2476

0.6214	0.3739	0.2474	0.6268	0.3769	0.2499

0.622	0.3743	0.2477	0.6245	0.3762	0.2483

0.6215	0.3741	0.2474	0.6219	0.3741	0.2477

0.6214	0.374	0.2473	0.6254	0.3769	0.2485

0.6208	0.3737	0.2471	0.6219	0.3742	0.2477

0.6214	0.374	0.2474	0.6196	0.3729	0.2467

0.6207	0.3737	0.247	0.6249	0.3765	0.2484

0.6208	0.3738	0.247	0.6199	0.3728	0.2471

0.621	0.3739	0.2471	0.6222	0.3745	0.2477

0.6207	0.3737	0.247	0.6284	0.3769	0.2515

0.6203	0.3735	0.2469	0.6204	0.3731	0.2473

0.6206	0.3736	0.247	0.6329	0.3802	0.2526

0.6205	0.3736	0.2469	0.6218	0.3739	0.2479

0.6203	0.3734	0.2469	0.6298	0.3787	0.2511

0.6202	0.3734	0.2468	0.6208	0.3736	0.2473

0.621	0.3738	0.2472	0.6225	0.3745	0.248

0.6202	0.3735	0.2467	0.6232	0.3755	0.2478

0.6203	0.3735	0.2467	0.6215	0.3744	0.2471

0.6202	0.3735	0.2467	0.6301	0.3776	0.2525

0.6198	0.3731	0.2467	0.6208	0.3732	0.2477

0.6205	0.3736	0.2469	0.6229	0.3749	0.248

0.6202	0.3735	0.2467	0.62	0.3729	0.2471

0.62	0.3734	0.2466	0.62	0.3733	0.2468





0.6159	0.3711	0.2448	0.6194	0.3728	0.2466

0.6157	0.371	0.2446	0.623	0.375	0.2481

0.6158	0.3712	0.2446	0.618	0.3724	0.2456

0.6157	0.3712	0.2445	0.6179	0.3717	0.2462

0.6156	0.3711	0.2445	0.6179	0.3721	0.2458

0.6154	0.3709	0.2445	0.6174	0.3725	0.245

0.6157	0.3711	0.2446	0.6177	0.3719	0.2458

0.6152	0.3709	0.2444	0.617	0.3719	0.2451

0.6155	0.3711	0.2444	0.6168	0.3713	0.2455

0.6157	0.3712	0.2445	0.6175	0.3722	0.2454

0.6153	0.371	0.2444	0.6165	0.3714	0.2451

0.6152	0.3708	0.2444	0.6171	0.3715	0.2455

0.6155	0.3711	0.2444	0.6165	0.3715	0.2449

0.6152	0.3709	0.2443	0.6163	0.3712	0.2451

0.615	0.3707	0.2443	0.6235	0.3751	0.2484

0.6151	0.3708	0.2443	0.6173	0.3717	0.2455

0.6153	0.371	0.2443	0.6369	0.3781	0.2588

0.6152	0.3709	0.2443	0.6205	0.3744	0.2461

0.6151	0.3709	0.2442	0.6159	0.3709	0.245

0.6151	0.3709	0.2442	0.6178	0.3716	0.2462

0.6147	0.3705	0.2442	0.6162	0.3709	0.2452
